3146.14455189914
3026.74231677824
3198.40087673621
2777.00818598782
2801.76369949045
2937.98154270434
2998.2782261501
2849.91736334012
3080.16263943913
3143.32793607151
2711.06515351811
2674.49083132982
2865.07785598165
2683.95732366856
2762.49589492889
3052.89251383112
3004.99817391961
3183.1578063796
3084.212252238
2747.96892650212
2629.56911378681
3102.42359781147
2901.07813020922
2895.77357665588
2698.78073368649
3092.81733072093
3205.30840423515
3120.03295417849
2834.67500283913
3224.66675939529
2862.82599936721
3226.01113048921
2893.45177389978
2863.06845236921
2889.57001192038
2910.01924902613
2646.54059565206
3065.32993627953
3237.19116418967
2921.34324159517
2954.97916259403
2632.12874296691
2817.13856723029
2941.54472472656
2846.54158193676
3124.64878454614
2815.06730772327
3002.44972618986
2917.10467127728
2747.29282708563
