2828.828006417
2816.8700980564
2880.96689415019
2963.74189234329
2932.1467250502
3006.33823161301
3007.41946245018
2792.29770417357
2978.37692264641
2794.55906156732
2923.7633956995
2804.41757526876
3449.59768352356
3014.5953321638
2836.15199505331
2909.31547981116
2741.7293920133
2769.69356638017
2947.58425983918
2887.50885487939
3220.93798656519
3169.50174052524
2850.93100716302
2786.42990603302
2616.14668817368
2655.26765851518
2814.86032841058
3284.43167977678
3064.94569388866
3034.02741876796
2721.2066860122
3194.45499827355
3019.50964611204
2871.19651453201
2746.18700895874
2956.24310502152
3229.73064798328
2950.19870215544
2828.18181705568
2909.32956751996
3024.77590377636
3229.46344264941
2631.73012889022
3170.68624681618
2731.56921541245
2979.48685925879
3164.37086768695
2733.53558783209
3068.4040443034
2910.8491174868
