303.7694 315.1363 359.5386 370.7697 367.4233
354.6509 322.5389 364.2664 334.6331 348.5058
363.5194 306.5413 311.2225 304.2399 374.2357
373.7578 355.3011 362.3166 311.2535 328.301
332.1791 369.8564 371.1279 364.8344 306.4338
336.2079 369.8465 309.1919 302.0624 370.8132
301.9475 304.3491 349.843 308.3819 301.8938
306.3072 316.6399 350.9965 373.3982 355.1664
366.9924 301.3813 335.8904 350.1067 325.5856
364.6144 310.4913 336.7344 372.8965 304.6155
305.1362 334.3247 353.6176 301.6115 368.6656
316.7633 336.4582 319.5867 311.9544 369.5504
370.1907 358.0272 346.9347 337.0229 302.6603
312.2274 361.905 353.1193 340.7962 317.9719
361.7399 356.2337 313.935 372.0791 356.9607
371.5939 348.1728 354.957 314.0194 308.2949
308.3315 350.4911 368.335 312.6082 305.8758
319.2802 369.7304 302.8188 372.0267 354.5692
326.4361 309.7442 320.9538 301.2783 339.7551
329.752 332.0532 304.8336 301.2345 372.2925
