304.0012 316.3124 332.9091 288.6344 280.9386
308.0945 333.0194 289.6102 279.4955 311.1915
309.1708 284.7566 317.8068 297.2446 305.3623
277.115 311.137 314.6513 308.8384 270.5793
285.8569 295.0093 308.4721 304.9092 291.2687
289.5259 308.0235 313.0093 319.9906 313.228
286.5702 290.5087 257.2522 286.622 291.558
308.5787 338.1564 277.8391 280.3068 298.6693
303.1554 306.8065 284.5512 281.3977 293.9115
284.5307 313.5095 294.4244 307.6341 274.184
316.2268 321.7533 286.5334 318.8651 277.0705
288.7711 314.9304 275.6576 262.0583 314.563
330.4281 296.6261 310.38 310.6203 325.8589
281.9248 323.1807 264.2698 285.6844 298.0235
287.785 278.2687 310.0934 313.8565 283.4809
325.3336 313.6096 295.5405 309.0531 275.2894
270.427 305.1867 301.2369 346.455 300.5179
306.0594 290.4477 265.5481 284.2221 295.1086
332.4789 343.5035 281.5298 336.1515 272.4819
321.1343 283.6103 315.5436 298.249 301.7533
