288.5751 305.8942 316.3394 261.6301 310.3953
299.4876 327.6284 275.9303 297.829 307.1092
314.7808 309.9582 358.6212 271.7413 277.7974
265.1319 304.3287 311.0024 325.9613 313.3385
307.0645 279.1509 277.7977 308.908 241.6638
306.0453 286.6624 296.2609 295.4021 289.6226
305.6353 301.6706 289.9397 311.5365 287.8566
296.7027 305.6863 325.4981 302.964 285.1597
288.0945 304.6732 337.1711 283.8807 290.4565
280.1361 261.3695 310.2068 312.6523 273.5092
317.4555 310.5776 313.7198 317.3848 293.6519
294.3496 310.11 294.5674 254.6092 286.404
309.9668 348.172 303.1421 328.9034 303.6005
299.9519 329.3737 272.8847 291.9151 306.129
285.8067 289.6788 291.4736 312.7778 287.5899
277.6109 280.5021 307.9165 318.3573 284.8978
312.441 310.8463 297.146 311.8726 283.7119
271.0126 313.9478 319.6036 282.0877 301.9617
332.5759 316.3021 314.403 281.8659 329.7455
286.2681 318.4247 315.3477 304.5714 290.5001
