278.2815 302.4187 305.4565 299.2418 278.1089
295.0609 282.9544 293.0431 299.8203 300.9433
305.7331 261.57 283.8949 316.6699 330.331
307.0817 325.5771 261.071 319.2588 344.92
285.6926 297.3803 278.3803 283.6326 272.8623
312.5949 328.5511 322.1652 285.0249 243.6205
292.2239 329.6963 291.5632 281.1114 286.8779
303.55 285.5925 317.4785 278.9273 294.0855
289.3466 304.2583 299.5433 277.8149 299.4976
277.3291 307.967 299.6331 278.9072 292.912
295.1609 299.6181 249.1269 279.8527 312.133
322.1804 318.403 309.3893 311.4167 315.9947
288.5849 301.9422 299.8224 266.6953 299.4655
284.6394 326.9018 299.9269 298.6724 279.3712
298.8596 309.2255 267.8378 291.1367 283.4608
293.0039 294.9474 262.6486 288.7419 301.3997
289.0521 268.9125 312.4952 322.7914 303.1564
299.9572 297.768 272.1873 298.2033 308.9727
272.301 268.5399 335.6378 317.2774 325.5242
319.599 285.3926 296.0754 310.9069 284.3501
