322.6452 309.2086 337.8004 326.7751 293.0538
298.3954 257.591 294.7132 288.6122 276.7225
280.0595 266.4896 261.9335 330.8404 277.9042
319.5328 318.698 306.2859 288.2951 300.114
294.2552 295.7689 312.6331 301.5985 274.0917
311.0223 312.2154 341.5614 328.6369 292.6857
316.1312 291.0417 317.9436 271.0867 263.9843
292.1389 283.3395 323.8738 297.8115 319.4924
317.7481 286.1097 287.8639 273.6908 282.0211
295.3464 283.6431 306.3965 292.1888 343.775
293.2658 291.6863 297.951 302.2853 300.4423
312.8591 333.466 288.5459 335.4083 263.2147
322.014 329.2134 319.4171 274.2887 300.3047
320.4299 296.9559 270.6481 273.4553 297.8158
273.4236 294.2732 322.8881 287.9754 313.1258
281.3502 314.3292 313.6941 274.209 330.8668
300.2332 296.0278 352.9396 305.0036 337.1553
320.228 362.6432 305.6015 299.9916 285.8409
298.8285 322.8257 289.1339 291.2085 253.2217
291.0478 294.5101 305.5587 278.0287 266.5976
