312.4452 300.5335 355.2548 358.8721 336.2054
302.0735 373.104 315.1004 357.3436 310.2134
367.0383 334.4721 303.2702 324.3181 371.0985
304.8171 306.545 373.0537 345.6914 369.5829
321.2803 309.3644 344.8408 353.2643 318.3548
316.7469 365.6673 370.7182 343.5619 366.7869
313.2549 369.1142 336.5586 371.5328 323.9027
312.0947 361.5851 361.1798 362.1713 307.1679
311.6293 301.3036 314.968 356.5356 319.965
314.3103 347.112 342.5508 301.0782 355.5195
307.5778 326.3438 365.1082 365.0029 364.904
353.7683 305.0789 342.5607 374.8133 338.8306
308.3427 366.7939 303.6556 369.8239 362.5304
367.3516 310.6437 315.1913 372.7263 358.9181
373.4065 322.1353 344.3655 362.4461 353.6599
372.4316 313.6114 304.5152 352.5841 310.0221
358.2767 363.2056 310.2504 307.0526 320.3337
365.3419 320.885 357.1675 342.6148 322.2773
360.7428 337.1253 309.8246 324.1798 311.6365
307.393 350.8696 368.897 303.6733 354.9206
