302.6198 327.5941 294.8483 275.164 287.0599
324.3963 300.0825 295.6095 317.1149 276.0192
247.3855 318.0007 325.4681 319.3601 303.9645
302.0529 298.1836 326.0359 269.496 288.9452
283.5107 313.3095 279.8132 289.9691 294.8022
310.2166 301.2699 305.2293 320.9055 294.377
306.5463 314.9017 316.6917 248.6464 305.5253
296.03 303.3722 282.0057 306.7969 299.6292
301.5824 266.6894 311.8362 276.4771 299.6496
331.6714 278.0615 283.4413 290.9381 304.4561
289.6184 306.7127 295.0159 281.9599 317.2334
310.6534 314.6155 301.2916 285.9383 301.7242
305.4756 308.1816 292.0681 305.6769 276.3841
329.5495 329.8812 311.2301 300.3703 261.1943
325.6283 310.9524 300.9076 329.4555 304.1565
270.7944 281.2953 310.2696 307.2535 337.158
299.8823 268.9112 305.2048 323.6548 276.3719
290.6892 276.6147 325.9544 299.4123 270.5295
314.8975 288.9275 305.6733 313.1668 314.5257
299.2029 269.9905 300.5431 294.8226 291.8947
