277.1661 338.7156 284.6466 327.6503 320.2837
329.2598 285.7178 304.7733 307.2851 314.8172
285.119 323.6613 284.4341 288.9771 295.354
329.5753 288.0253 329.7507 300.1591 301.946
331.1949 295.466 302.8389 311.9367 307.4754
278.1606 264.2485 299.755 250.9914 280.6088
280.4595 256.7657 263.4272 286.3932 300.0748
314.6787 291.6527 316.5716 294.6027 301.6517
266.7972 274.7512 285.554 279.3706 290.3766
286.9786 275.5759 316.0303 305.2224 269.5422
308.942 298.165 278.822 291.131 283.1944
285.3539 300.3594 288.4308 334.614 298.8158
292.9526 263.7444 325.0483 308.5954 301.2519
302.0733 295.3485 315.6916 283.9751 300.0594
292.7034 307.1875 303.0097 271.6219 232.0174
287.9887 303.274 261.5225 307.7168 305.9637
271.4479 288.7185 274.0068 316.9184 261.1111
316.9616 316.8613 320.2092 319.0151 289.7
306.1118 275.7581 311.5956 288.2167 294.5258
291.7952 302.9811 296.0122 305.5073 307.6727
