354.6752 309.5363 300.7019 353.719 319.4222
307.5147 363.6367 305.0495 374.9674 335.9079
314.8167 305.0151 322.0777 374.1205 366.0701
366.8459 340.0986 303.6814 372.7086 363.866
305.5912 374.4138 374.6007 339.9799 365.0941
354.9058 354.3437 309.4883 322.8814 325.5776
309.8613 365.5682 300.647 326.4033 351.5448
349.8607 346.8382 303.08 365.2673 304.7554
301.2927 348.0459 355.4671 302.372 364.7977
305.9657 369.8337 302.9516 327.3071 374.8448
315.233 363.9367 370.991 362.0304 365.6364
364.6611 371.6186 367.0314 336.285 358.8835
368.1395 319.2744 309.4777 372.8268 368.0442
371.3744 330.028 371.1332 301.7087 361.5466
365.3168 319.3745 370.6714 302.3306 308.0608
310.5703 304.5367 315.3882 323.1729 369.8541
361.5647 300.9383 368.6077 307.934 313.6076
321.037 354.2997 330.8351 317.9326 307.1989
344.8191 340.3414 354.4048 344.0255 319.4119
351.0012 312.2211 315.6468 306.3672 322.7898
