320.6946 288.4188 304.1879 310.1639 300.3952
273.9157 290.6374 302.1549 306.3655 294.8533
324.857 337.8907 302.2885 272.3596 298.5943
301.1486 296.7175 317.4163 323.5405 313.0582
289.155 308.332 305.0711 304.7263 289.3888
323.6959 275.7332 307.89 304.8099 317.9799
326.6817 313.1758 290.0068 327.0854 261.1238
327.1383 282.3553 276.7845 321.6845 298.9614
288.1593 294.0733 301.8376 301.1907 289.8016
280.8293 268.8625 293.5894 305.7558 315.57
279.6855 325.8224 292.9233 311.0016 270.9918
330.661 298.7903 302.7499 297.4668 282.9457
311.0096 313.4747 284.3576 314.6914 306.9262
334.4471 316.3585 276.185 297.4175 302.6245
301.016 278.8099 312.2644 318.3659 334.4776
311.4146 311.6212 322.9449 268.2581 283.5214
311.3688 272.8617 310.2172 312.4188 304.8431
273.8861 296.4109 301.761 322.073 282.7444
264.4916 270.9655 304.8878 309.0589 331.3162
316.6384 315.774 296.8139 300.1808 294.5692
